6 400
x 0.35590526 0.30357562 0.55072318 1.67884807 1.86890957 0.70068281 y 1085.47243137
x 1.62797383 0.78541079 0.66960765 0.35396456 1.26845027 1.80079730 y 484.35041356
x 1.25408668 1.84503298 0.05414559 0.63732236 1.99375173 0.30488858 y 2771.74694874
x 1.53761866 0.13392070 0.13174866 0.05328775 0.96704985 1.21292107 y 602.24496235
x 0.58052659 0.35510328 1.03135233 0.79533353 1.95791645 1.33394261 y 891.14024478
x 1.48887399 0.79311078 0.20941228 0.85423509 1.03690043 1.61054304 y 324.98174816
x 0.99073665 1.22958497 0.95735316 0.10952718 0.30401405 1.78907592 y 399.74813883
x 0.43282752 1.63329428 1.68804642 1.00286919 1.57415860 0.61824296 y 1025.74111082
x 1.87809285 0.16495734 0.48438571 0.99247208 1.49091301 0.01004614 y 1726.03050532
x 0.11201697 1.30619334 1.60513080 0.94534625 0.35621290 0.88729836 y 522.79585166
x 0.64755387 0.71765816 0.61586691 1.08939472 1.30035800 0.65364830 y 169.67673329
x 1.17058169 1.64289586 1.77934473 0.91737699 1.17042094 0.10029809 y 770.77454886
x 0.44849171 1.45000781 1.64193344 0.69832172 1.84927764 0.56052422 y 1580.92497385
x 0.87796983 0.80226074 0.16669586 1.34954435 0.77013735 1.34113747 y 364.91443373
x 1.27679895 0.20598613 1.19046829 1.10982659 0.44726167 0.73128243 y 434.91000176
x 1.58557155 0.06850642 0.18336106 0.61760405 0.84093207 0.23001724 y 681.28779975
x 0.87715287 0.42824554 0.33996740 1.25351976 0.68804200 1.08794874 y 260.30371351
x 0.35825053 0.40343937 1.08037451 0.00045851 0.86821394 0.84007131 y 305.81399371
x 0.53336355 0.33410153 0.61670222 1.11904257 0.95974486 0.20551180 y 140.91582328
x 0.54469093 1.93504865 1.71997087 1.17577148 0.89701449 1.51769578 y 1072.05061960
x 0.48731687 0.48488869 0.34387919 0.04709945 1.44548464 1.61104944 y 241.06173047
x 0.27772870 1.65031709 1.02976100 0.06236632 0.78115981 0.18778157 y 714.12239957
x 0.91381643 1.30828487 1.70714842 0.76456532 1.06844425 0.81981753 y 518.98568487
x 1.70701992 0.60882236 1.88613009 0.84308767 1.00322519 1.73160312 y 1560.40323126
x 0.79279171 0.46193109 0.95397495 0.19560433 0.19387051 0.02509535 y 112.73754336
x 0.95757213 1.52323833 1.24347562 1.69842119 0.92202584 1.59826462 y 597.00310301
x 0.15666445 0.00386874 0.02432430 1.73995803 0.70483129 1.39882416 y 926.75615506
x 0.08850532 1.15114488 1.27808128 1.90472080 1.96395289 0.43764914 y 1587.13711393
x 0.23904770 0.03201410 1.60382864 1.00625440 0.75823962 0.61224899 y 510.74616655
x 0.54829030 0.64385956 0.75062997 1.23106395 1.94453256 1.02620622 y 846.39403894
x 0.67293351 1.71931126 1.51807120 1.04255014 0.37549830 1.92241074 y 895.66800169
x 0.48162655 1.46534593 1.60156309 1.89580683 1.34811076 0.13672179 y 1015.36075461
x 0.07409879 0.81975213 0.49974443 1.64990276 1.27378233 0.82221993 y 540.78441083
x 0.56293167 0.75392365 0.69089264 1.63342563 1.84390558 0.23863870 y 1223.05474735
x 1.12387403 0.64594862 1.70505395 0.64635327 1.57950446 1.18084459 y 1023.79525182
x 0.79539324 1.28613504 0.29974033 0.31113945 0.92735134 1.82149060 y 393.56645803
x 0.56420384 0.40594974 1.63983544 0.35231538 1.29572891 0.06841779 y 1162.47390439
x 0.07566197 1.28545456 1.80692918 0.37356788 0.36402004 0.88163670 y 1065.73436873
x 0.09682925 0.23655364 0.92926261 0.18957059 1.96701277 0.32845794 y 1756.39237577
x 1.88726189 1.49545647 0.86096234 1.31191373 1.40865078 1.41407281 y 692.30057103
x 0.05751352 1.04899825 0.47872243 0.52507503 0.93189845 0.39037677 y 224.05617640
x 1.21634021 0.68506669 1.77159935 0.48967974 1.39840262 0.66382345 y 1236.61306752
x 0.14188153 1.24325410 0.64880622 0.93352343 1.59084788 1.89749053 y 349.44588862
x 1.96251317 0.85408229 1.96028258 0.95035925 0.42330026 0.98539067 y 1976.71802901
x 0.86036028 1.24000325 0.76848162 0.92333505 1.04587619 0.36757682 y 151.83212482
x 0.82170041 0.16015621 1.42603009 0.10252535 0.46237790 1.60813931 y 812.37429546
x 0.76982169 1.40963261 0.27482626 0.85221041 0.30460501 1.51048222 y 640.26758240
x 1.26740728 1.55139226 0.21667791 0.50397700 1.38240516 0.57398256 y 808.34666611
x 1.53686417 1.76863541 0.11319428 1.68842568 1.97019647 0.72514530 y 2301.90955387
x 1.83905008 1.58649017 0.29745355 1.72057537 1.91771113 1.61753711 y 1617.42544795
x 0.27098563 1.85820873 0.42084888 1.33909451 0.72793606 1.07987443 y 1518.43355912
x 1.57922020 1.38859193 1.89704117 1.41120662 0.92635686 0.00390711 y 788.70735157
x 0.52328618 0.78546904 1.82081898 1.22665815 0.43658564 0.42215235 y 728.14340489
x 1.03355011 1.68749286 0.89936924 0.60030676 1.75289695 1.34039880 y 917.46442267
x 0.32248617 0.32240673 1.31949052 1.88486392 0.91247628 0.04851549 y 914.96940044
x 0.89582251 1.60558193 0.34893627 0.11215440 1.88366474 0.48290195 y 1853.39633570
x 1.44143349 0.58672036 1.09974339 1.61280668 1.79515104 0.05131812 y 1367.68859210
x 1.80101170 0.25747630 0.95247323 1.55146281 0.80775813 0.40491465 y 1275.19143923
x 1.95695890 0.67259011 0.86610526 1.97388269 0.83335609 0.38370173 y 2113.38364978
x 1.95163933 1.74988502 1.56065764 0.14810680 1.00060225 0.46259781 y 1299.96786538
x 1.59219294 0.85225561 0.17348099 1.44992112 1.12297767 1.05457658 y 616.78405607
x 1.05942874 1.34356237 0.84116485 1.84985858 0.15631095 1.76934599 y 1600.81565355
x 0.62596128 1.68899048 1.10501975 1.16465025 1.97361859 1.54475107 y 1066.15858136
x 1.33004506 0.14455015 1.26388142 1.67017951 1.96874567 1.60408061 y 1004.72654791
x 1.70467774 1.25883329 0.57583792 0.70709067 0.11470604 1.01587583 y 504.16490529
x 1.64518226 0.74825820 1.44001435 1.66422031 1.22056537 0.24893529 y 872.83679366
x 0.95814148 0.55720632 0.63157457 1.10490468 0.06134308 0.16731944 y 211.51423136
x 1.17900051 0.62138729 1.30389804 1.67798785 0.08540722 0.31593933 y 899.87232910
x 1.19170900 1.21449187 1.48334630 0.25031858 0.52380917 1.00626536 y 460.42370663
x 0.65885734 0.86299527 0.76202921 1.28207304 0.07877640 1.50068158 y 536.98748158
x 1.32195796 0.66537108 0.97673963 0.21387889 1.27551592 1.06454164 y 384.18804922
x 1.80910925 1.46786179 1.84353674 0.53769249 0.90375708 1.51690432 y 1242.58458854
x 0.87856133 0.32640071 0.01477983 1.68906797 0.11216127 0.87129512 y 1133.54148222
x 0.18708246 1.09861691 0.99001993 0.37174241 1.24594490 0.81072513 y 333.69149880
x 1.86151475 0.20870505 1.37888486 1.39376119 0.77230705 1.24130887 y 1444.82556417
x 0.65841154 0.69062748 0.61110143 1.29333552 1.37298822 1.45480050 y 121.11824509
x 1.95367962 0.43335523 1.56964953 0.18360724 1.89149838 0.01823701 y 3470.87092477
x 0.46574295 0.39525135 0.77492070 1.69491000 1.91345523 1.97566352 y 539.41051291
x 1.84661779 0.71872583 0.59898247 1.62050024 0.70346777 1.38467575 y 1334.39393473
x 0.28588081 1.34215254 0.84230370 1.59583933 0.56593106 1.59361264 y 885.09188809
x 0.51396956 0.75330601 0.28431658 0.12584115 0.51111629 0.47598698 y 63.10038857
x 0.02767048 0.20946055 1.45609990 0.38903977 1.47758728 0.97974263 y 826.61072499
x 1.37479373 0.34929545 1.31953768 0.01886935 0.88508314 0.62450256 y 759.87801632
x 0.57555230 0.75885758 1.20187679 0.20933656 1.08512470 0.77654769 y 335.45638861
x 1.25928406 1.83914451 1.74392587 1.41469780 0.53994216 0.74070379 y 774.93219780
x 0.54963195 0.55149210 1.81598893 1.56145391 1.85728150 0.60404246 y 1381.80200949
x 1.62728641 0.48246328 1.63866520 1.09107628 0.87436211 1.54835571 y 993.29170580
x 1.08288517 0.88032219 1.29856072 1.30021701 1.37038146 0.54791332 y 238.35078617
x 1.97382554 1.23859378 0.96900762 0.29570616 1.34446377 0.28141988 y 1172.03675692
x 0.69562623 0.90013629 1.05170498 1.89234439 1.93657671 1.53703206 y 847.02580130
x 1.17720363 1.30790165 1.60754891 0.25734307 1.12295586 1.13567507 y 657.40290445
x 0.02680802 1.34862167 1.70694375 1.10014213 0.12955092 1.01800635 y 731.20405629
x 1.07377101 1.30303266 0.93314394 0.36351128 1.85911996 1.71479130 y 689.25105062
x 1.01146527 1.67461836 1.63363958 0.61091929 1.63326889 0.81724200 y 1105.53767268
x 1.34847705 1.19394202 0.15197146 1.40572735 0.23533798 1.35592381 y 866.13006127
x 0.30996781 1.47994107 1.43141169 1.77165241 0.88153864 0.65288104 y 769.32250749
x 0.35986557 0.35986562 1.95345636 1.75461986 0.39806332 0.71374887 y 1514.98457155
x 1.86101533 1.04442080 0.99357562 1.86594885 0.77681962 1.64835203 y 1505.70059036
x 1.99727193 0.92576328 1.85543720 0.30921474 1.43489082 0.77440948 y 2366.67933191
x 0.70111959 0.21600892 0.39958048 1.72438480 0.40002797 0.29447167 y 930.91773783
x 0.53983604 0.85347996 1.86232532 1.12054678 0.10282411 1.76962431 y 1155.45429468
x 0.93278060 0.43347994 0.16308300 1.27583141 1.56471910 1.63328811 y 243.43247145
x 0.28429660 1.50125850 0.23771972 1.50775279 1.20780528 1.89863969 y 953.34621060
x 0.77006152 1.10033940 0.60915905 1.11847129 0.48998786 0.19296861 y 176.41327186
x 1.80401924 1.93363893 1.88026314 0.35715972 0.40365420 1.92904541 y 1852.65168779
x 0.02352913 0.35914966 1.12647904 0.20597509 1.63930154 0.29155449 y 1056.73531723
x 0.94917248 1.59325262 0.28735982 0.35065543 0.33695383 0.53627683 y 586.03428209
x 1.61481650 1.46203092 1.26049979 1.23069249 0.56544654 1.12424932 y 376.70414789
x 0.53880086 0.59046625 1.04737015 1.75382410 0.83324113 0.32985705 y 618.18572114
x 0.45902249 0.92025157 0.94823202 0.68770496 0.14842018 0.97109488 y 157.57261354
x 1.86689423 1.57294116 1.90996065 0.38968522 1.92523032 1.50720079 y 2260.48774758
x 1.79324814 1.02221389 1.09514041 1.56133948 1.39852226 1.10446986 y 676.11816075
x 1.68849662 1.40299757 0.12052638 0.92388296 1.29328213 0.26300426 y 853.36183428
x 0.46257652 1.87878159 1.18349335 1.11836821 0.65299258 0.60160223 y 875.68096594
x 1.18740175 0.76519008 1.49514597 0.94138569 0.18810846 0.00398333 y 341.60474238
x 1.92741145 0.61296317 0.64462042 0.20756022 0.76000717 0.64531639 y 1027.44478404
x 0.30880529 0.16001173 0.08420539 1.96002596 0.53103197 0.76982451 y 1505.17187632
x 0.02593838 0.75502768 0.18557998 1.81002224 1.50688021 0.29801219 y 1091.72987088
x 0.09156813 1.98734138 1.07916079 0.26991994 0.98045141 1.97471965 y 1482.98710494
x 1.96669200 1.45439582 1.18567136 1.61094287 0.35340592 1.70785488 y 1428.19039986
x 1.60250528 0.11680281 1.01341726 0.20168885 1.38652111 0.24579314 y 1233.09317415
x 1.73093351 0.32434907 0.87825767 0.45264392 0.58710318 0.66457142 y 810.07675901
x 0.82035082 0.95670948 0.10652918 0.92207363 0.67695777 0.19504128 y 167.27629738
x 0.05827609 1.04008586 1.19263630 0.03606590 1.82607225 1.68612146 y 908.13310438
x 0.11368745 1.70939960 1.39424636 1.82527162 0.41952225 1.51834681 y 1553.30928716
x 0.42045767 0.21131660 0.93311950 1.45867420 1.55232372 0.17853415 y 646.02735320
x 1.23653138 1.25447339 0.70349423 0.72726418 1.55255785 1.06302663 y 375.58689756
x 0.75638848 0.86718024 1.24147929 0.96721397 1.76562817 0.88155014 y 635.17379542
x 1.20550378 0.48605580 0.03227775 1.16867997 0.44956592 0.24800829 y 319.77855913
x 0.26593881 0.40372269 1.71718143 1.19078332 1.22975039 1.44638960 y 567.14529751
x 0.94415872 1.42825264 1.59753357 0.75769224 1.23903497 0.16530292 y 602.91880616
x 0.86078417 1.35254921 0.57601077 0.05604942 0.36118362 1.27379223 y 347.26872495
x 0.07260631 0.18759034 1.88601246 0.69250544 0.19411528 0.55033255 y 1203.91424684
x 1.19147098 0.00781360 0.23895615 0.81377228 1.05508782 1.85125623 y 333.82060280
x 0.88649187 1.46952405 1.26678046 0.91227304 1.51204946 1.54895379 y 275.53880638
x 1.23351353 0.67781629 1.16569492 1.40401301 1.77981816 1.90745783 y 284.73009632
x 0.83454703 1.62920825 1.90534332 0.02760557 0.32935496 1.10200402 y 1553.20708048
x 1.46985729 0.49941311 1.44809409 1.79966758 0.38942961 0.24040815 y 1242.80247007
x 0.80659377 0.96405796 1.67022349 1.85005343 1.93545071 1.20386299 y 1022.49675578
x 1.17940193 1.86057457 1.36853642 0.90401573 1.46849022 0.98758878 y 734.24857091
x 0.77625375 1.52302670 1.60606526 1.22048178 1.28058137 1.63519835 y 325.50533897
x 0.57904909 1.10310083 0.58652891 0.01036600 1.76369030 0.03305306 y 1369.88800219
x 1.58164470 0.95173071 1.44497489 0.62158255 0.79359089 1.85117642 y 650.79250654
x 1.21097940 0.82890469 0.28568839 0.11262846 1.15297777 1.47130133 y 190.29339805
x 0.85409091 1.68680599 1.24706929 0.34975269 1.51375578 0.84167711 y 897.42793928
x 0.56151837 1.14775084 1.61471874 0.99307605 1.67549813 1.19770298 y 646.35793771
x 1.67411009 1.77105113 0.76038265 1.59455208 0.69057186 1.54588495 y 1233.20094993
x 0.40382537 1.80738345 0.98840391 1.56167073 0.49293275 0.23083060 y 1203.84018387
x 1.41821016 0.03987083 0.06674039 1.60127012 0.65595719 1.68525122 y 1168.09861336
x 1.30036416 1.51826183 1.31377098 1.94661172 0.96070414 1.67152826 y 963.61164387
x 1.75490757 0.22230977 1.82633768 0.84211367 1.66568717 0.03574118 y 2597.82187179
x 0.75209745 1.82203952 0.54029681 0.23867729 1.18878155 1.86324626 y 1080.63241643
x 1.58810015 0.93432158 1.62864420 1.71162843 0.68800790 1.46060774 y 999.04054384
x 1.31217338 1.12672104 0.95116932 1.07303548 0.09966490 0.10273652 y 160.78697760
x 0.14116564 1.01184739 0.02464626 1.83003925 1.89643759 0.81333766 y 1521.68407716
x 1.33011080 0.74462285 1.43931458 0.60515616 0.83148631 0.93823591 y 426.61809022
x 1.04711859 0.90118972 1.24092527 1.51659236 1.34090771 0.19706738 y 371.01088887
x 0.90440119 0.83530745 1.72963044 1.00383076 1.04516187 1.27656272 y 505.74557702
x 0.15775110 1.75811122 1.53897812 0.28350457 0.70353189 1.16709649 y 1062.15716367
x 0.92052146 1.83456793 1.54578856 1.09745833 0.12338476 0.23367962 y 718.98469323
x 0.38394408 0.58788566 1.92110453 1.74745047 1.33556850 1.74078708 y 942.63066262
x 1.13720381 0.78648773 1.51490162 1.86770483 1.23974521 1.51219910 y 631.08393079
x 0.57686659 1.27413356 1.27066954 0.76420055 0.43231403 0.30694443 y 177.82415522
x 0.42931798 0.11512726 1.68505257 1.30421340 0.82206753 0.39514223 y 602.47627328
x 1.38438730 0.83121315 1.89289087 1.69563779 0.60006141 0.54304604 y 1141.07766603
x 0.67297434 0.51429008 0.71062002 1.37117076 0.59602827 0.69675748 y 272.58497224
x 1.89628653 1.06117502 1.30089433 0.35693294 0.47261986 0.98875876 y 895.95638297
x 0.48639344 0.59432335 1.70074759 0.23004275 1.96297436 1.75303278 y 1711.64095564
x 1.12286914 1.21836359 1.86902260 1.75883089 0.85574637 0.18949797 y 847.41860237
x 0.60935306 0.41421939 1.70769258 1.79150977 0.90718044 1.62397826 y 958.50791667
x 1.33752019 0.80651479 1.42457689 1.38734200 1.30664775 0.25334371 y 447.85486802
x 0.19698503 1.74612420 1.10660200 0.02517892 0.42986977 1.65792828 y 1050.54619523
x 0.64058013 0.30602860 1.65641956 1.82577975 1.85452678 1.18621943 y 1058.37950018
x 0.89009051 1.47653331 0.79997921 0.54574298 0.57982185 0.70423296 y 260.35698467
x 0.69187259 1.14587297 0.42940224 0.96411426 1.34396916 0.22120021 y 452.36787145
x 0.77533982 1.65311464 1.17943782 1.50387461 1.51919310 1.64060768 y 453.91417304
x 1.50030601 1.40234345 0.88452349 1.81660251 1.72853931 0.37775920 y 1225.89347403
x 1.97604483 0.86072558 1.85978078 1.16040368 0.64854029 0.72377966 y 1639.83874734
x 0.47223503 1.05548580 1.96469842 0.75258298 1.59320179 1.59704125 y 1302.94804753
x 0.29928045 1.48295288 0.80185342 0.27939376 1.64939853 0.46862862 y 1158.32834622
x 0.08901658 0.25045149 1.76468045 0.00034199 1.50603385 1.19656090 y 1609.96730043
x 0.41283300 1.45302440 1.44010999 1.77464936 0.60623403 0.44910722 y 867.43136298
x 1.23189203 1.00233602 1.41647399 1.26920662 0.67446602 0.79162802 y 197.28028463
x 0.63216746 0.52212635 0.64262336 0.30490053 1.96356401 0.20300959 y 1702.30577132
x 1.83840156 1.08160365 1.67789744 0.59599624 1.13640768 1.93759581 y 1150.62383440
x 0.39059533 0.30813254 1.03977381 1.03842683 0.67591952 1.70644461 y 265.16846690
x 0.09980282 1.35701854 0.97696488 0.23762325 1.29084534 1.35469683 y 471.26622906
x 1.43143040 1.54552292 0.68269185 1.16679747 0.91283979 1.48872379 y 429.17969300
x 0.00488146 1.47581485 1.26799034 1.80173231 1.48242044 1.17895109 y 721.40224403
x 0.54216878 1.33320801 1.13268950 0.15573749 0.09608993 1.68053130 y 558.35376414
x 1.67402574 1.38489071 1.48148289 1.27611799 0.98542737 1.49854186 y 374.45158024
x 0.25728799 0.74870279 1.95177559 0.95075216 0.31364088 1.19550393 y 1214.54175495
x 1.25046287 0.51301372 0.24981146 0.94283190 1.34082471 0.58475778 y 356.47070040
x 0.99222014 0.86286405 1.38981449 0.00866398 0.64931148 0.92497512 y 481.64590692
x 0.62623094 1.00684849 1.79279757 0.94998842 0.37481944 0.35713473 y 644.80411423
x 0.84849866 1.30459297 0.59029571 1.33067273 1.02810531 1.07490069 y 309.80641148
x 0.13983460 1.07656183 1.63326118 1.45137522 0.52699651 0.31913850 y 533.35227031
x 0.89891616 0.10768047 1.22776912 0.25672861 0.59371611 0.54191196 y 386.40341834
x 1.69881930 0.83475987 1.74068143 1.46179679 1.94647203 1.40080667 y 1351.66104507
x 1.14855368 0.36175181 0.29459196 1.21376695 1.55931050 0.92689926 y 449.74925485
x 1.83996124 0.10608969 0.64858762 1.31253539 0.19584020 0.22587673 y 1434.62170069
x 0.38018351 1.55405270 1.75929879 0.78976118 0.81318873 1.42018890 y 835.68259662
x 0.69096822 1.79338996 1.24239723 0.73146663 1.81381697 1.82969589 y 1007.00305957
x 0.10530296 1.98999742 1.17430182 0.30120992 1.95046273 0.62071037 y 2646.42082748
x 1.36321694 0.21029627 1.49007461 0.14743579 0.25717376 1.15196475 y 1036.06497755
x 0.04604393 1.91611559 1.88073942 1.88505360 0.91822900 1.67139789 y 1726.31455105
x 0.15809223 1.61482239 0.97091916 0.85999247 0.10770176 0.04396070 y 563.26479382
x 0.23182014 0.12971239 1.10428443 0.71615274 1.32497409 1.50791335 y 217.79191737
x 0.47286900 0.30307619 1.43170550 0.69313970 1.64907966 1.92192573 y 565.84225638
x 0.11073514 0.24168565 0.90865297 1.99585658 0.00714423 1.36528377 y 1985.32606554
x 0.36357952 1.86381635 0.08250450 1.69582720 1.88939416 0.14166157 y 3011.02225276
x 0.33868338 1.29569284 1.25260704 0.70027291 1.70757284 1.63000249 y 547.77475110
x 0.64896839 1.55385119 1.66044018 0.69483178 1.99814002 0.29331634 y 2210.45848157
x 1.65100919 0.12665446 0.67177515 0.48080457 1.09293198 0.21234806 y 890.95552351
x 0.52828533 1.64827398 0.08113941 0.78719876 0.60851710 1.93309394 y 1189.01090816
x 0.17765913 1.69818414 0.16966768 0.38487945 1.72973854 0.43190449 y 1935.42868766
x 1.69889079 1.39396104 1.65110376 1.35546781 0.12007572 0.65073073 y 756.43074028
x 0.28912882 1.82878854 1.26480615 1.00060626 1.71404770 1.25989272 y 1107.14089016
x 1.84887635 0.94470515 1.82547528 1.83436070 0.95957511 0.62797267 y 1512.56477625
x 1.12899797 1.87443457 0.97348092 1.64496570 0.73652321 1.10828889 y 1150.90297485
x 0.40980664 1.69447247 1.16988633 1.74698182 1.54278936 0.19121465 y 1245.43634694
x 1.73847842 0.22246394 1.64377225 0.95016498 0.70641093 0.09983790 y 1366.41864249
x 0.23567513 1.05008587 1.02657751 1.79053847 1.71363139 1.86938085 y 492.08774475
x 1.56672990 0.84141541 1.57518846 1.56841646 1.14075271 0.21284558 y 712.29600340
x 1.80210433 0.21374448 0.09449851 0.70593134 0.44409183 1.87767267 y 1254.39938456
x 0.82051853 1.96527076 0.31953752 1.25244582 1.26624818 0.96495860 y 1605.83235332
x 1.98480180 1.89126893 1.69338580 0.88379882 1.04451809 1.08884633 y 1176.99047892
x 0.27610623 0.25552817 0.52785743 0.26082705 0.44056515 1.49428174 y 209.72933193
x 0.46456324 1.21788550 0.37410286 0.36263330 1.48708966 0.37966314 y 749.06202980
x 1.73201577 1.49271072 0.26935151 0.04401965 1.23054528 0.57579155 y 852.23591959
x 1.66200753 0.85772135 1.69481839 1.31371522 1.17349849 1.32373244 y 729.53999599
x 0.66987848 1.71039136 1.76718762 0.25872790 1.50193058 0.02598441 y 1818.83881760
x 1.92214218 1.47908436 1.14730670 1.58730970 0.81415112 0.34311857 y 908.99088783
x 0.11037944 0.06519529 1.45833422 0.93582035 1.28840799 1.02045001 y 413.43795260
x 0.32119775 0.73107275 0.43435620 1.30826174 0.46628420 0.84265144 y 361.17091008
x 0.40571316 0.70992981 0.59465567 0.93421472 1.62023068 1.14326507 y 340.72935652
x 1.85833525 0.73131529 0.33539881 1.07145470 0.82807870 1.19883579 y 874.76833817
x 1.21066313 1.05631077 1.29272996 0.05366705 0.53700631 0.23455654 y 311.57829519
x 0.45201455 1.54314058 1.94745823 0.95934458 0.26493587 1.36354663 y 1213.06270072
x 1.83857273 1.02775270 1.30237575 0.56748890 0.54901075 0.13926967 y 695.88904682
x 0.89082772 1.52362060 0.67935913 0.51800094 0.03232478 1.64502613 y 600.64667302
x 1.65480574 0.87169694 0.47826683 1.01934044 1.10208288 0.77007806 y 439.76986656
x 1.73645173 1.23677551 1.95585618 1.83854004 1.43458501 1.48204766 y 1143.35466912
x 0.87228554 0.96549454 1.33325125 1.23518348 0.26582739 1.25419250 y 349.20878577
x 1.52578622 1.94696697 0.83426259 0.17636381 1.27722892 0.91441416 y 1124.19567989
x 1.30027858 0.52499665 0.69565145 1.08015994 0.10239542 1.95016017 y 679.82223261
x 0.81597934 0.25920292 1.20355317 1.01148399 0.12570545 0.21468289 y 250.64438553
x 0.54429524 1.60371105 0.88423176 0.61279516 0.17971130 1.32582860 y 631.18574330
x 1.06362335 0.82334707 0.49491061 0.51805704 0.58096543 1.57308118 y 183.42111619
x 1.72109252 1.93205290 1.48617462 0.91417980 1.83967037 1.56825703 y 1211.40040991
x 1.57042843 1.04532772 0.83893291 1.47574826 1.12338537 0.20041841 y 492.40544768
x 0.63231728 0.37889131 1.75227997 1.76441152 0.70348179 1.04095774 y 1041.65271372
x 0.58301999 0.68754175 1.59080966 0.53629485 1.42250843 1.06486104 y 756.57156497
x 0.06754405 1.57499867 1.39562255 1.87328748 1.86048223 1.72360575 y 941.58336116
x 0.03850468 0.97766183 0.38882804 0.00850876 0.84170843 0.76806670 y 202.97346680
x 0.64950721 1.26500680 1.32030112 1.71920462 0.22215012 1.34705883 y 996.01668634
x 0.17785834 0.40284672 0.80100481 0.27833348 1.73299008 1.17414925 y 678.54070598
x 1.87691597 1.12701113 1.45065165 0.62202048 1.10133115 1.70208072 y 873.09484692
x 0.31353853 0.87571089 1.48557997 0.13968723 1.61690176 1.15253672 y 1010.15132795
x 0.31401249 1.13711925 0.87030562 0.95798804 0.95242593 0.82265918 y 131.08796657
x 0.04045458 0.69756546 1.08637876 1.50778479 1.65559292 1.12565737 y 395.94238293
x 0.87419817 1.78145952 1.88691843 1.66808106 1.03553685 0.75088040 y 944.52200789
x 1.55641910 1.15054202 0.43525954 0.56112883 1.86475941 0.66624185 y 1286.55704363
x 0.22526435 1.23828105 0.22567718 0.75727485 0.52321315 0.92974426 y 406.74281235
x 0.32797712 1.41753614 1.53552737 1.42479508 0.32502697 1.63525270 y 807.34262776
x 0.16968510 1.77090281 1.60043798 0.81897521 1.82544861 1.56256011 y 1291.80724300
x 0.18078306 0.92121417 0.60634517 0.16262297 0.30536437 0.22769434 y 100.62624202
x 0.29397359 0.22817028 0.42902132 1.55964071 0.06459802 0.48537429 y 791.89155127
x 1.13554147 0.89014086 1.50448966 0.01488159 0.85384880 0.64152555 y 647.19382829
x 1.06779713 0.21409565 1.06770618 1.00847879 0.26101099 1.78735534 y 545.82066753
x 1.94182348 0.70929007 1.48664121 1.23080943 1.92012721 0.46723393 y 2184.99549569
x 0.83900976 0.14750419 1.84279426 1.98634205 1.34866741 0.36652198 y 1449.14310605
x 0.69948593 0.35377900 1.93978370 1.45092787 1.10573778 0.69722281 y 994.68373711
x 1.97374816 0.69980699 1.30534764 0.23767266 0.31862755 1.98228751 y 1665.65256382
x 1.60363758 1.44291226 0.66425715 0.53413042 1.06840341 1.28269852 y 393.48178899
x 0.89572649 1.22468915 0.21108247 1.47875559 1.86635532 0.38647472 y 1360.57602314
x 0.47750710 1.56570207 1.44030392 0.80194469 0.35741315 1.27891671 y 585.03222603
x 1.32065517 1.43408332 0.14767975 1.67691838 1.54030995 1.10946427 y 970.98845550
x 0.10813780 0.54419970 1.23458254 0.05764711 0.79366651 1.21876643 y 430.62584998
x 0.40798978 1.00981969 0.43254615 1.35362785 0.23603119 0.88451492 y 566.56807141
x 0.93537765 1.81532406 0.14866729 0.47480942 1.93141409 1.89712168 y 1728.76870287
x 1.59959874 1.13159739 1.23130607 0.41158016 0.79264665 0.45855671 y 368.45288140
x 1.97920398 0.40593479 1.44173311 1.12966179 1.08457593 0.74369809 y 1509.95499200
x 1.53638660 1.30398342 1.43988517 0.53182370 1.59367618 1.16934829 y 716.80029153
x 1.96403979 0.64494960 0.84613543 1.74042137 1.99743970 1.22905121 y 2026.67948287
x 1.06806618 0.60818131 0.98731135 1.98264629 0.82861108 0.98744493 y 1140.68030323
x 1.23515445 0.51773041 1.06359008 0.19136138 1.45591528 1.02268181 y 576.14117168
x 0.13663587 1.88282327 0.50416720 1.28135798 0.35703105 0.18950300 y 1545.42740672
x 0.10907948 0.20850201 1.49194027 0.26118839 1.69952298 1.91798260 y 962.65391922
x 0.38354018 0.85158337 0.61592513 0.77116079 0.97066814 0.13927891 y 145.38022559
x 0.11266170 0.11680129 1.77681446 1.04208043 1.53686995 1.97724023 y 796.87633147
x 0.45396759 1.31993251 1.48511025 0.55223784 1.09415917 0.06904968 y 594.41728528
x 1.15950515 0.49987716 1.87493915 0.54614078 0.99986351 0.48407199 y 1294.12193905
x 0.52795955 1.40420761 0.66969938 1.23793176 1.89412477 1.52102414 y 800.08339024
x 1.47103967 1.99696338 0.61092681 1.97199134 0.07249736 0.26486359 y 2865.05175945
x 0.41762978 1.06640438 0.87877599 1.97893287 0.81639425 1.04013375 y 1208.02762301
x 1.43389846 0.23747741 0.34033039 0.87041782 0.97574164 0.13787847 y 467.99968998
x 1.83593143 1.38815991 1.65281348 1.66811582 0.04087475 1.90128908 y 1628.89067600
x 1.86319241 1.67603758 1.41136345 1.51905291 0.03350677 0.38978176 y 1074.88852596
x 0.23625930 0.08473695 0.35314769 1.98616042 0.24890875 0.05537764 y 1727.91766918
x 0.70334693 0.98216688 1.54156462 1.35557124 1.69735887 0.15289779 y 908.48839942
x 0.39429678 0.08966225 1.73653144 1.70765787 0.34136092 1.89071717 y 1450.63090124
x 0.60244927 1.28007199 0.63434495 0.66563585 0.75404859 0.56753205 y 202.10478466
x 1.56371955 1.93132909 0.41148341 0.68680388 0.82524536 1.27587200 y 1204.00719056
x 0.23803272 1.41209627 0.37755788 0.79277499 0.96867507 0.55429733 y 514.79619631
x 1.20865418 1.23190378 1.38900306 0.58925137 1.14004651 1.53433833 y 255.27575656
x 1.74273352 1.09298921 1.49424129 1.82741422 1.41851073 0.27858456 y 1074.56684521
x 1.43035260 1.24853618 0.39309998 1.80798835 0.73253121 0.51667261 y 1117.52553355
x 0.53331899 0.17472844 0.13039597 0.24533528 0.31802640 0.61664885 y 43.32683342
x 0.17326975 1.76003402 1.51838445 1.09142809 1.93535700 0.47839769 y 1821.37225028
x 0.77593853 0.57682515 0.41603818 0.82264591 0.60217769 0.62599553 y 51.20326450
x 1.53818082 1.47224091 1.31700781 1.43008010 1.02799809 1.35115734 y 274.40110381
x 1.56397462 1.19199727 0.82154087 1.43608537 0.02639435 0.05178075 y 667.40410439
x 1.23530927 1.75639683 1.41797048 1.04292843 0.32990886 0.89671352 y 497.58300875
x 1.80863689 0.55670467 1.27447714 1.55591306 0.99482795 0.46301265 y 1062.66661251
x 1.72726687 1.22020581 1.48443604 1.82525360 0.86744932 0.07274563 y 980.10869087
x 1.44859548 0.66728815 1.72531116 0.89657148 0.87024534 0.38356112 y 816.63550688
x 0.96221841 1.81264464 1.54395056 1.12587624 0.34194424 1.84947599 y 927.49625616
x 0.19214829 0.82129026 1.00176197 0.82856745 1.89817987 0.35828148 y 1276.50132258
x 1.15362184 1.50219881 1.64132000 1.27052020 0.11885650 1.05407681 y 576.70125534
x 1.19905339 0.37916476 0.04239065 1.29414739 0.35766503 0.91826568 y 517.89468896
x 1.48836965 0.25722025 1.17824338 1.79610812 1.37287991 0.86751653 y 972.18070985
x 1.32306834 1.05547655 1.59052861 1.36760720 1.21175218 1.11121985 y 262.84190422
x 0.27623991 0.39062344 0.87902925 1.63711896 0.82708123 1.45628575 y 541.74249442
x 1.99012354 1.21819875 0.81118149 0.14197129 1.49656656 0.42760607 y 1372.36948976
x 1.94364293 1.59327006 0.31030888 1.61579927 0.78247466 1.20289898 y 1575.88178514
x 1.66634154 1.98355976 1.06752449 0.59934347 1.34584229 0.66104623 y 1145.40137419
x 0.19911033 0.95675968 1.68445968 1.13295087 0.94536517 0.64827049 y 452.36861955
x 1.19745065 0.36449443 1.91889650 1.97072949 1.40575667 0.03606283 y 1719.10107327
x 1.47358864 0.37454766 1.03200760 1.74619048 1.20861646 1.92367225 y 810.21807043
x 0.51128260 0.72560176 0.59942613 1.96011155 0.76555630 0.38057043 y 1230.48346131
x 0.27557128 0.43786487 0.03576409 1.10045691 1.48861743 1.15635089 y 258.35859376
x 1.96731223 0.94953710 0.28289672 1.02600464 1.81300013 0.02109220 y 2107.38178408
x 1.66824539 1.51373496 0.92455835 1.55354785 0.57950493 0.52175779 y 737.77602562
x 1.24224503 0.14398899 1.81005604 1.46931475 0.30621540 0.96627052 y 1263.97395848
x 0.32185743 0.99544612 0.29482307 0.48379799 1.24937430 1.10926684 y 268.51816923
x 1.20077233 0.26971857 0.82651531 0.40638119 0.41153501 0.71440514 y 238.94601594
x 0.93088480 0.04206902 1.68697071 0.16666340 1.56600770 0.15421596 y 1836.96189710
x 1.52524574 1.42465273 1.48138770 1.92340515 1.01503250 1.94837239 y 925.17552974
x 0.79896734 0.64966149 0.39763627 1.58033582 1.51766949 0.61262417 y 585.31919933
x 0.39879666 1.16858673 0.08564238 1.19547772 0.87106876 0.03684109 y 491.45988735
x 1.01909654 1.80670320 0.47348599 1.40430653 1.83023279 0.23405509 y 1951.61766472
x 1.84832057 0.83560591 0.65892232 0.07090972 0.13817337 0.16798815 y 685.80220691
x 0.91942689 0.41471870 0.11041878 1.89281982 1.72781412 1.36849544 y 980.57044927
x 1.29167427 0.34169622 1.04592295 0.09046516 1.38263765 0.12950802 y 871.07710956
x 0.52019902 0.94810159 0.12549128 0.80653007 0.30449064 1.42783818 y 359.99503896
x 1.59595441 0.50354020 1.28888571 1.23847667 1.80961309 0.66012190 y 1235.26976160
x 1.53562049 0.92951332 0.30680006 1.95508186 1.47145568 1.12251599 y 1244.74697510
x 0.34807408 1.95346471 0.78637337 1.85564226 0.66605482 0.83760536 y 2195.80953024
x 0.27128626 0.38648423 1.62996832 0.55797641 0.17450792 0.65764700 y 712.90226499
x 1.48404932 1.48553282 0.49515518 1.34608482 0.27144993 1.77416874 y 993.41734508
x 1.47914779 0.25679633 0.20532487 0.25179164 1.89430249 1.46734474 y 1167.11867785
x 1.91061669 1.58911497 0.30945286 1.67617810 1.12442279 0.23259882 y 1558.22154551
x 1.82794540 1.24118891 0.20515096 0.78806765 0.55126368 1.18953712 y 755.60540466
x 1.52471670 0.03239467 0.37164475 0.27323211 0.45437610 0.80296024 y 593.48657581
x 0.43626565 1.39661125 0.31983505 0.74743688 0.52193195 1.21240978 y 542.77154883
x 1.30978172 0.22144761 1.32862222 0.11409652 1.75346458 0.62672856 y 1563.89160484
x 1.57528003 0.95934242 0.14999125 0.81383607 1.51149188 1.79303191 y 451.28744123
x 0.80606048 0.63194850 1.12113504 1.69906883 0.67611319 0.77338166 y 571.18713282
x 0.42059536 0.35033721 0.39735559 0.59330988 1.97534115 1.19732348 y 1026.77714096
x 0.71706505 0.03957531 1.85074233 1.18938419 1.37355806 1.21389737 y 911.71029677
x 1.12215478 0.79975388 1.68202856 0.87318682 1.17465299 0.91604706 y 551.44803235
x 1.30811463 0.25529780 0.58814739 0.24230255 0.78103715 1.35992952 y 350.23135212
x 0.85369416 1.18367663 0.26111167 0.30019228 0.51287080 0.96688830 y 224.77106822
x 0.62677242 0.55297933 1.73845123 0.22818413 1.71436740 0.94213675 y 1665.55970222
x 0.18516975 0.51103449 1.74002471 0.00950274 0.25102137 1.08001127 y 1265.09510527
x 1.43747265 0.39681451 0.64667081 1.63527600 0.14163422 1.12650731 y 1216.38666067
x 1.24216736 1.78960781 1.87326050 0.48655972 0.46918883 0.09814565 y 1105.28191130
x 0.37086080 0.57533550 1.37812839 0.87033625 1.59408312 0.60856022 y 679.22591407
x 0.19973890 1.75095726 1.76943119 1.89301223 1.29604190 1.54497351 y 1141.81861914
x 0.00086213 0.24565722 1.49742560 0.14217426 1.34448933 0.45338137 y 1015.04460247
x 0.33216922 1.11847611 0.62403138 1.04454649 1.16283736 0.64313575 y 235.28256627
x 0.07944498 1.00990463 0.31600496 0.00900872 0.11644195 1.27310017 y 314.16971120
x 0.51257435 1.53060771 1.46850440 0.96844457 0.94993473 1.48679598 y 413.24315878
x 0.03614214 1.89379306 1.92428637 1.96988546 0.42730968 0.43803376 y 2137.54919946
x 0.33142317 0.98582718 1.97813205 0.32232424 1.71893388 0.54088997 y 2313.17419640
x 0.23455553 1.51618476 1.54228359 0.54830641 1.83603580 0.33664148 y 1764.29039579
x 1.69498345 0.00531852 1.66824746 0.39578627 1.08090469 0.14677505 y 1862.61839171
x 1.08280575 1.04503802 0.59971634 1.08991855 1.80807819 0.48104354 y 895.83770718
x 0.42337692 1.38161458 1.58560260 0.05980891 0.99680918 0.75939024 y 863.23273246
x 1.47450077 1.00066571 1.55224341 0.35403886 1.43877366 1.00330862 y 877.98062290
x 0.30061443 0.74537007 1.64485204 1.25790652 0.66755415 1.69037521 y 610.88604867
x 0.31612792 1.28299525 0.87013786 0.76903661 1.08131805 1.66688144 y 249.57368870
x 1.85846866 1.84537890 1.18359027 1.87420493 1.59132513 0.97578691 y 1388.81723547
x 0.14073675 0.39548505 1.40075623 1.26029009 1.40577581 0.82066978 y 356.56553549
x 1.04191076 0.30838200 1.97791205 0.30231442 1.65109505 1.66938474 y 2075.26462810
x 1.79838698 1.43104196 0.14846396 1.72022367 1.80508756 1.62328314 y 1377.54432497
x 0.47446431 0.90274977 1.12678815 0.73145653 0.72033597 1.67382044 y 221.88171474
x 0.95792696 0.34552596 0.34153676 1.51808008 0.35220004 0.47216821 y 628.91042851
x 1.56765568 0.67989224 1.08230956 0.25910691 0.76567530 1.07240340 y 511.14306514
x 0.00908660 1.48691731 1.13325241 1.54436314 1.73562244 0.14073604 y 1212.85820658
x 0.41976273 1.78203400 1.58224451 0.77447296 1.79705730 1.21115810 y 1363.36525634
x 0.81727135 1.15787740 0.78398138 0.52378420 1.14247426 0.25899616 y 241.00141077
x 0.59203629 1.63625765 0.70670886 0.00341874 1.31312387 1.68986347 y 752.55068812
x 1.36649685 0.31186096 0.77665590 1.76892676 0.15636498 1.89252124 y 1658.64093903
x 0.93385882 1.12710739 1.73682344 1.81844030 0.92913599 0.40102009 y 759.71009948
x 1.07404949 1.51884423 0.70537967 0.22663814 1.96079091 0.33634854 y 1874.49151233
x 0.15488771 0.94942003 1.08437004 1.19143903 0.86430144 1.73299560 y 217.83604960
x 0.36600453 1.59264974 0.81239669 0.79518145 1.15578071 1.07803998 y 546.77206644
x 0.22379047 1.59172354 0.94140301 0.40867789 0.22394620 1.74907548 y 804.84252229
