<<<<<<< HEAD
6 100
x 6.90001032 5.05418397 5.91490540 5.54784913 3.78428819 2.57732118 y 393059.54036040
x 2.07382139 6.26261931 3.40127040 8.43851883 0.68778038 4.09906894 y 628389.12523785
x 8.79994055 3.19480293 9.80568169 0.85004788 9.07628951 1.02509449 y 2128503.31808218
x 9.21977763 5.07551214 8.72289258 3.33259742 6.92409451 5.56946205 y 1378723.26433233
x 3.61915203 0.31993828 8.58511100 0.98984499 8.77067523 4.49258913 y 1083097.72959295
x 4.32192605 6.06267912 9.27837654 6.64285675 3.95365355 4.38468959 y 896765.78755538
x 6.52125079 9.28863562 9.49143368 3.07335744 5.96482942 7.83076185 y 1535658.33464487
x 3.38030378 8.05252808 9.42196640 0.66473349 8.57086820 9.77218336 y 1497007.19160765
x 8.89646204 5.45275626 8.64371746 4.57772680 8.00219427 8.73705571 y 1402235.16988555
x 8.21818425 1.85726225 0.86265023 6.38155791 2.33827971 4.62721723 y 582753.08339461
x 0.07419895 6.35010545 4.21251054 9.53658307 2.10120462 9.70750550 y 933428.46887259
x 2.61252547 8.57064321 5.81332711 7.07318312 2.85975225 3.18203776 y 754383.10187867
x 6.43951677 8.58518318 6.68889996 4.43149693 0.55894953 7.77452637 y 761834.67875843
x 5.94692583 1.02081638 2.99554018 9.50719316 6.65720130 9.47724211 y 940955.00091564
x 8.79439063 7.00866481 3.75987268 6.13482089 8.63140613 1.36171312 y 1326091.54692960
x 4.39685203 2.74571934 1.86809712 5.06164362 5.70510202 6.72828098 y 137356.44703523
x 6.23626726 0.61298095 5.50456328 5.63954009 5.36581235 1.04233642 y 356958.73764539
x 5.99532903 2.76323859 3.42357071 7.40289223 9.63841803 3.11472677 y 1123989.80541312
x 3.76386875 5.59672048 4.72638445 9.71369825 6.34130485 3.54447665 y 1003279.45434664
x 3.73000837 3.39980994 0.02676825 7.34096827 5.90457590 5.99771034 y 343402.23316368
x 8.77105702 3.06949572 0.13229397 9.98994419 5.34591729 8.30586884 y 1497535.79242749
x 9.28720343 0.02963894 4.50897758 7.26399540 3.04524914 9.36558260 y 1009876.55990350
x 1.12419259 3.25639188 1.21611701 9.16852410 8.80927629 8.98192975 y 1052440.93282070
x 2.52825442 5.28781953 9.58945793 2.43021591 4.06621950 9.64542496 y 840580.37140761
x 9.15078952 7.10338398 0.99035533 6.91387207 8.62629717 2.48643917 y 1506506.39985463
x 2.71635310 9.68955323 1.01085384 4.25426237 8.99591795 9.32525426 y 1385298.52391474
x 1.10419222 9.14126588 3.84267268 7.91798861 0.91640364 3.28822505 y 1028870.07757248
x 0.04649335 9.20217385 6.14281419 2.06161016 1.08043619 2.69390694 y 753859.73081644
x 1.41237583 5.20217231 5.91366618 2.19744903 6.25472451 9.84779116 y 239139.75868036
x 5.36508823 1.57712834 8.20644739 8.14756093 2.95478487 5.18894010 y 831427.38521984
x 0.31685184 3.59492402 3.07095089 0.25597342 7.36044283 9.11352694 y 227783.83824296
x 9.07240251 2.57598827 4.76692508 0.97346711 2.73406747 7.79995100 y 683797.62376008
x 8.46281690 1.55227774 5.52131943 8.30275533 1.40745032 9.25650230 y 1002542.12088008
x 2.72548754 5.50672400 4.84812816 7.99395522 0.01780536 9.31250423 y 506224.07154588
x 0.45871702 1.02564737 7.45318013 3.47863280 7.33485303 9.98947280 y 469602.20818312
x 3.34605516 1.62482426 9.82514804 6.41458091 1.34287747 5.63229786 y 986480.95992243
x 1.86802654 0.77636513 5.99553641 9.32339457 4.21556029 1.61666486 y 784821.04940089
x 4.35347273 5.41946632 5.58061158 9.64098893 4.67162774 0.95113765 y 944137.51620667
x 3.01261333 5.50835102 0.97652723 0.62728042 3.73406388 0.00036867 y 108104.32605000
x 2.37400455 5.19131847 3.21797586 9.42733690 2.82731707 2.13698789 y 800369.52928551
x 5.71294696 2.57934060 8.84445886 0.06630447 3.81616596 3.17278623 y 716222.71595188
x 5.68941575 2.94122380 4.45862376 5.11252068 2.33626398 9.93706434 y 168879.48344501
x 5.15829630 0.60544992 5.15374323 5.31229880 0.37777519 2.41097708 y 193146.11737403
x 9.65251289 3.17802749 3.80930470 6.60892613 8.95640674 3.99733598 y 1521762.28123014
x 3.45182816 3.99865085 4.99393715 6.67836719 3.19394545 2.45740180 y 229219.00199752
x 6.09753238 5.05700513 5.69417565 6.07272828 5.98909388 9.91705594 y 375022.38935765
x 1.34367365 5.37245315 0.25307793 4.16338494 2.47349151 1.82287078 y 108766.73525173
x 0.81920229 9.58785661 5.11244011 9.20638643 6.35568741 5.05100493 y 1530082.33362363
x 8.73043444 6.70985880 9.82770424 0.78967218 2.85373870 2.82632152 y 1528187.65644965
x 4.98377857 0.30422644 7.35284622 6.40157009 3.35337013 1.87803536 y 443078.74336561
x 7.06646972 8.74301723 2.74495186 8.59114665 2.37422283 3.32091541 y 1223861.98309158
x 4.31670167 7.66586037 5.56630835 1.15717362 5.41259813 6.73046843 y 436683.47940527
x 5.93411612 6.87237791 9.46989472 8.66452578 6.71334749 5.37160202 y 1504364.14384051
x 6.21031228 1.78607151 6.51634439 0.83299245 3.85179206 6.98376244 y 316930.75196186
x 8.70241942 0.77780987 2.10686073 8.36613147 1.44489020 2.01515745 y 1033570.87118941
x 7.98332038 9.67727499 1.09933619 9.24490304 0.72439355 2.74783168 y 1874059.06026891
x 5.14337195 4.15865873 4.19678303 5.03735249 6.94451739 6.81656459 y 288212.75413179
x 1.52115305 6.47725367 2.45652415 0.93212300 9.04115890 1.09048109 y 817599.68691627
x 9.60333595 6.16964140 7.87884311 2.85064939 8.06253261 6.27008810 y 1527593.86001844
x 5.03599620 7.17695228 2.81379436 1.91658017 1.67824720 4.52071917 y 274534.24590319
x 0.24897020 6.58461931 5.45051981 9.41319107 0.13367836 1.44173572 y 972234.13233313
x 9.37869658 5.13894597 6.99988334 8.09441447 0.69279464 8.17877038 y 1317267.34988103
x 2.09850388 5.42116776 0.37909488 1.77566247 5.14400756 6.60248465 y 124398.31066417
x 2.81298110 5.61132619 5.99380211 8.02179950 8.67682511 2.95802689 y 976634.58893506
x 2.15765369 1.77448990 8.07532744 1.61757409 7.03155191 3.89319181 y 617182.29778824
x 4.93484506 2.59611644 8.66831572 0.51572870 9.00718784 6.60581404 y 1167739.49119829
x 9.83488913 2.37526175 9.56538359 6.03905761 0.42611340 3.23856225 y 1753057.36138066
x 5.15032376 3.99339690 3.97216619 6.49422109 4.99707381 6.56062888 y 245923.87157475
x 1.68870149 2.79499695 6.10650260 6.19804581 8.33361804 0.36511978 y 664823.30913114
x 9.61220846 8.78270619 3.75695335 9.76840642 9.33608568 6.80634546 y 2626504.69449726
x 4.33947352 0.72054758 6.60561289 6.67987265 3.36355766 1.51446271 y 352962.88818288
x 0.18620398 0.50053462 5.10854236 0.38628186 5.82985449 3.54056185 y 164455.14552191
x 9.15644679 8.03564014 4.08423189 8.93059822 7.91286396 9.04558869 y 1749840.94006067
x 2.01402193 6.34431591 5.31479642 7.75588785 7.59873740 6.28492522 y 705673.19986740
x 8.35672559 1.15621170 4.83091134 7.47766429 3.78508492 2.57783244 y 783730.81679425
x 4.52373278 4.69708305 4.79259525 4.83915701 2.12836884 8.03830326 y 134164.13440448
x 3.28056470 5.74312187 1.11386663 6.48889643 2.19066295 6.91464477 y 266668.88557848
x 5.89290344 2.30069590 3.19345647 8.59706899 0.30785220 2.24158414 y 648110.46915299
x 4.74168724 6.21110500 2.44306338 5.20192484 8.09851072 2.81976843 y 587133.87502034
x 6.77075466 7.63550688 5.12169084 2.92300995 8.76694971 8.94209922 y 944554.65282339
x 1.21936503 0.97137516 6.67227169 4.09865779 8.74427698 8.84742993 y 630458.27021011
x 5.11553019 0.17531856 2.62973180 6.44663662 3.30851820 1.30065999 y 223932.75661752
x 4.00752984 8.77935752 4.65394454 1.38808376 9.95605011 8.16131328 y 1404916.47503066
x 4.11841921 9.90923390 5.85374888 3.15855744 5.22700992 3.09906187 y 1015459.32595279
x 4.60229282 7.08741241 1.56815247 8.20410748 5.49582517 5.86456738 y 701405.56972250
x 4.47781618 2.41568062 0.91339891 9.95766610 4.01735722 1.64864421 y 968066.41495857
x 7.20362159 6.82970896 4.26724050 6.15656149 0.76786192 5.85823428 y 537965.57418537
x 2.22941032 1.18427082 7.99004007 7.89788836 9.34492542 6.24818971 y 1257524.70535968
x 7.47070521 6.43889409 2.72400282 7.15954936 6.85286440 0.83950070 y 803878.95977091
x 4.39369448 1.81734532 8.66306643 8.82703362 7.59874389 4.43463739 y 1250775.28729852
x 3.87632271 9.79194151 9.82938412 6.23704295 7.39834926 6.77650871 y 1889575.53172497
x 1.43645738 0.17833550 4.37252980 4.88271854 8.98893378 9.96139728 y 546480.05370817
x 2.08612636 0.54910884 7.83627669 3.11708288 2.61750555 9.44670680 y 352665.51265242
x 9.40350176 6.81877779 6.04423890 5.33013873 3.96831282 6.66151707 y 995118.88232830
x 5.18982681 6.58406447 4.40998919 4.12165559 8.57667558 2.50393839 y 728624.59825413
x 4.93846940 2.01268309 8.78070796 9.49620400 8.87820675 5.36597789 y 1710105.37872109
x 9.17646690 3.49938091 0.76047839 0.23801477 0.12652052 7.60907662 y 670423.76904766
x 0.52897885 8.76201642 5.15993234 2.24220476 9.91617478 6.41090737 y 1426958.83562367
x 3.55559838 1.00807436 9.06763951 8.33819359 2.88390223 3.73402038 y 1012240.15489581
x 5.78083344 6.22137849 3.73832820 8.45388540 9.64194802 4.69914861 y 1360845.20262806
=======
0,1,1,1,0,1,0,0,0,1,1,0,0,1,1,1,0,1,0,0,0,0,1,1,0,1,1,1,1,0,1,1,0,0,1,1,0,0,0,0,1,1,0,1,1,0,0,0,1,0,1,0,0,0,0,1,1,0,0,0,0,0,0,1,0,1,0,1,1,1,1,0,1,1,0,0,0,0,0,1,1,0,1,1,0,0,0,0,1,1,0,0,0,0,1,1,1,0,1,1,0,1,0,0,0,1,0,1,0,1,1,1,0,1,0,1,1,0,1,1,0,0,0,0,0,0,1,1,0,0,0,0,0,1,1,0,1,1,1,1,0,1,0,1,0,0,0,0,1,1,0,1,1,0,0,0,0,0,0,1,1,0,0,0,0,0,1,1,1,1,0,1,1,0,1,0,1,1,0,1,1,1,0,0,1,1,1,1,0,0,0,0,0,0,0,1,1,0,0,0,0,0,0,0,0,1,1,0,0,0,0,0,0,1,1,0,0,1,1,0,0,0,1,0,1,0,1,1,0,0,0,1,0,1,0,1,1,0,0,0,1,0,1,0,0,0,1,0,1,1,1,0,1,1,0,1,1,0,0,0,0,0,1,1,1,0,1,0,0,0,1,0,1,1,0,1,1,0,1,0,0,0,1,0,1,1,1,0,0,0,0,0,0,0,1,1,0,0,0,0,1,0,1,1,1,0,1,0,1,0,1,1,1,0,1,0,0,0,0,0,0,1,1,0,0,0,0,1,0,1,0,1,1,1,0,1,0,1,1,0,0,0,0,0,0,1,0,1,1,1,0,0,0,0,1,0,1,1,0,1,0,0,0,1,0,1,1,1,0,1,1,0,1,0,1,1,1,0,1,0,1,1,1,0,0,1,1,0,0,0,1,1,0,0,0,0,1,1,0,1,0,1,1,1,0,0,0,0,0,0,0,0,1,1,0,1,1,1,1,0,0,1,1,1,0,1,1,0,1,0,1,1,1,1,0,1,1,0,0,0,0,0,0,0,0,1,1,1,0,1,0,1,1,0,1,1,0,1,1,1,0,1,0,0,0,0,1,1,0,1,1,0,1,1,0,0,0,0,1,1,0,1,1,0,0,0,1,1,0,1,1,0,1,0,1,0,0,0,1,0,1,1,0,1,1,1,0,1,0,1,0,0,0,1,0,1,1,1,0,0,0,0,0,1,1,0,1,1,1,1,0,1,0,1,1,1,0,0,0,0,1,1,0,1,1,0,1,0,1,1,1,0,1,1,0,1,1,0,1,0,1,1,1,0,1,1,0,1,0,1,0,1,1,1,1,0,0,0,0,1,0,1,0,1,1,1,1,0,0,0,0,0,1,1,1,1,0,0,1,1,1,0,1,1,0,1,0,1,1,0,1,1,1,0,1,1,1,0,1,0,1,1,0,1,0,0,0,0,1,1,0,1,1,0,0,0,1,1,0,1,1,0,0,1,1,1,1,0,1,0,1,0,1,1,0,1,1,0,0,0,0,1,1,0,1,1,1,1,0,1,0,1,0,0,0,1,1,0,1,0,1,1,1,0,1,0,1,0,1,1,1,1,0,0,0,0,1,1,0,1,0,1,1,1,0,1,1,0,1,0,1,0,1,1,1,1,0,0,0,0,0,0,0,0,1,1,0,0,0,1,1,0,0,0,0,0,1,1,1,0,1,1,1,0,0,0,0,1,1,0,1,1,0,1,1,0,1,1,0,1,1,0,0,0,0,1,0,1,1,1,0,0,1,1,0,1,1,1,0,1,1,1,0,0,0,0,0,1,1,0,0,0,0,0,0,0,0,0,0,0,0,1,0,1,0,1,1,0,1,1,1,1,0,0,0,0,1,0,1,1,0,1,1,0,1,1,0,1,0,0,0,0,1,1,0,0,0,1,1,0,0,0,0,1,0,1,1,0,1,1,1,0,0,0,0,0,0,0,1,0,1,1,0,1,1,1,0,0,1,1,0,1,1,0,1,1,1,1,0,0,0,0,1,1,0,1,1,0,1,1,0,0,0,0,1,1,0,0,1,1,0,0,0,1,0,1,1,1,0,1,0,1,1,0,1,1,1,0,0,0,0,0,1,1,1,1,0,1,1,0,1,1,0,1,1,0,0,0,0,0,0,0,0,1,1,0,1,1,1,1,0,1,1,0,1,1,0,0,0,0,0,1,1,0,1,1,0,0,0,0,0,0,0,0,0,1,1,0,1,1,0,1,1,0,1,0,1,1,0,1,0,1,1,1,1,0,0,0,0,0,1,1,1,1,0,1,1,0,0,1,1,1,1,0,1,0,1,1,1,0,0,1,1,1,0,1,0,0,0,0,0,0,0,0,0,1,1,0,1,1,0,1,1,0,0,1,1,1,1,0,0,0,0,0,0,0,0,1,1,0,0,0,1,1,0,0,1,1,0,0,0,1,0,1,0,1,1,0,1,1,0,1,1,0,0,0,1,0,1,0,1,1,1,1,0,0,1,1,0,1,1,1,1,0,0,1,1,1,0,1,1,1,0,0,0,0,0,1,1,1,0,1,0,1,1,0,1,1,0,1,1,1,0,1,1,0,1,0,0,0,1,1,0,0,0,0,1,0,1,1,0,1,0,0,0,0,0,0,0,1,1,0,1,1,1,0,1,0,1,1,1,0,1,0,0,0,1,1,0,1,1,0,1,0,1,0,1,1,1,0,1,1,0,1,1,0,1,1,1,0,1,0,1,0,1,1,1,0,1,0,1,1,1,0,1,1,0,1,1,0,1,1,1,0,0,1,1,0,0,0,0,0,0,0,1,1,0,1,1,0,1,1,0,1,1,0,1,1,0,1,1,1,0,1,0,1,1,1,1,0,1,1,0,1,0,1,0,0,0,0,0,0,1,0,1,1,1,0,1,0,1,1,1,0,1,0,1,0,1,1,0,1,1,0,1,1,1,0,1,1,1,0,0,0,0,1,0,1,1,0,1,0,1,1,0,0,0,1,0,1,1,0,1,0,0,0,1,0,1,0,0,0,0,0,0,1,1,0,1,1,0,1,0,1,0,0,0,1,0,1,1,0,1,1,1,0,1,1,0,1,1,0,0,0,0,0,1,1,0,0,0,0,0,0,1,0,1,0,0,0,1,0,1,1,1,0,1,1,0,1,1,0,1,0,1,1,1,0,0,1,1,0,1,1,1,1,0,0,0,0,1,1,0,1,0,1,1,1,0,0,1,1,1,1,0,0,0,0,0,0,0,1,1,0,1,0,1,1,0,1,0,0,0,0,1,1,1,1,0,0,0,0,0,1,1,1,0,1,1,1,0,0,0,0,0,1,1,1,0,1,1,0,1,0,1,1,0,1,1,0,1,1,0,1,1,0,1,1,0,1,1,1,0,1,0,1,1,0,0,0,
>>>>>>> e35b94d7bd6443af514f44cef88b4a2bc506956b
