5 200
x 6.90001032 5.05418397 5.91490540 5.54784913 3.78428819 y 379260.77149336
x 2.57732118 2.07382139 6.26261931 3.40127040 8.43851883 y 131790.13606656
x 0.68778038 4.09906894 8.79994055 3.19480293 9.80568169 y 559029.52619530
x 0.85004788 9.07628951 1.02509449 9.21977763 5.07551214 y 1314491.85606662
x 8.72289258 3.33259742 6.92409451 5.56946205 3.61915203 y 785844.41539117
x 0.31993828 8.58511100 0.98984499 8.77067523 4.49258913 y 1066762.31542859
x 4.32192605 6.06267912 9.27837654 6.64285675 3.95365355 y 884108.26704401
x 4.38468959 6.52125079 9.28863562 9.49143368 3.07335744 y 1473571.59323761
x 5.96482942 7.83076185 3.38030378 8.05252808 9.42196640 y 721124.45385015
x 0.66473349 8.57086820 9.77218336 8.89646204 5.45275626 y 1705441.02237683
x 8.64371746 4.57772680 8.00219427 8.73705571 8.21818425 y 1278659.88428682
x 1.85726225 0.86265023 6.38155791 2.33827971 4.62721723 y 151297.79349451
x 0.07419895 6.35010545 4.21251054 9.53658307 2.10120462 y 930626.25918537
x 9.70750550 2.61252547 8.57064321 5.81332711 7.07318312 y 1368899.90045065
x 2.85975225 3.18203776 6.43951677 8.58518318 6.68889996 y 561194.62816279
x 4.43149693 0.55894953 7.77452637 5.94692583 1.02081638 y 456995.98619999
x 2.99554018 9.50719316 6.65720130 9.47724211 8.79439063 y 1479146.56501530
x 7.00866481 3.75987268 6.13482089 8.63140613 1.36171312 y 831362.74412739
x 4.39685203 2.74571934 1.86809712 5.06164362 5.70510202 y 70667.54350656
x 6.72828098 6.23626726 0.61298095 5.50456328 5.63954009 y 362408.34008685
x 5.36581235 1.04233642 5.99532903 2.76323859 3.42357071 y 191331.00019752
x 7.40289223 9.63841803 3.11472677 3.76386875 5.59672048 y 1021103.43879644
x 4.72638445 9.71369825 6.34130485 3.54447665 3.73000837 y 932975.93543985
x 3.39980994 0.02676825 7.34096827 5.90457590 5.99771034 y 332342.14272612
x 8.77105702 3.06949572 0.13229397 9.98994419 5.34591729 y 1456417.60338983
x 8.30586884 9.28720343 0.02963894 4.50897758 7.26399540 y 1119086.07739723
x 3.04524914 9.36558260 1.12419259 3.25639188 1.21611701 y 759072.41213357
x 9.16852410 8.80927629 8.98192975 2.52825442 5.28781953 y 1648192.70944975
x 9.58945793 2.43021591 4.06621950 9.64542496 9.15078952 y 1510404.00801877
x 7.10338398 0.99035533 6.91387207 8.62629717 2.48643917 y 919169.63831602
x 2.71635310 9.68955323 1.01085384 4.25426237 8.99591795 y 872560.18154299
x 9.32525426 1.10419222 9.14126588 3.84267268 7.91798861 y 1383766.45926018
x 0.91640364 3.28822505 0.04649335 9.20217385 6.14281419 y 637536.47005232
x 2.06161016 1.08043619 2.69390694 1.41237583 5.20217231 y 5686.81686593
x 5.91366618 2.19744903 6.25472451 9.84779116 5.36508823 y 1032754.47956369
x 1.57712834 8.20644739 8.14756093 2.95478487 5.18894010 y 757386.01023915
x 0.31685184 3.59492402 3.07095089 0.25597342 7.36044283 y 24679.66590181
x 9.11352694 9.07240251 2.57598827 4.76692508 0.97346711 y 1230893.55320869
x 2.73406747 7.79995100 8.46281690 1.55227774 5.52131943 y 766351.35909915
x 8.30275533 1.40745032 9.25650230 2.72548754 5.50672400 y 1149986.51731645
x 4.84812816 7.99395522 0.01780536 9.31250423 0.45871702 y 1185146.67209450
x 1.02564737 7.45318013 3.47863280 7.33485303 9.98947280 y 469535.45584248
x 3.34605516 1.62482426 9.82514804 6.41458091 1.34287747 y 985014.73513454
x 5.63229786 1.86802654 0.77636513 5.99553641 9.32339457 y 163700.93247838
x 4.21556029 1.61666486 4.35347273 5.41946632 5.58061158 y 101351.63519445
x 9.64098893 4.67162774 0.95113765 3.01261333 5.50835102 y 824660.89886090
x 0.97652723 0.62728042 3.73406388 0.00036867 2.37400455 y 21139.14865392
x 5.19131847 3.21797586 9.42733690 2.82731707 2.13698789 y 800347.87633661
x 5.71294696 2.57934060 8.84445886 0.06630447 3.81616596 y 703240.80884336
x 3.17278623 5.68941575 2.94122380 4.45862376 5.11252068 y 112123.73643636
x 2.33626398 9.93706434 5.15829630 0.60544992 5.15374323 y 947862.00694500
x 5.31229880 0.37777519 2.41097708 9.65251289 3.17802749 y 889480.11150548
x 3.80930470 6.60892613 8.95640674 3.99733598 3.45182816 y 723553.18485132
x 3.99865085 4.99393715 6.67836719 3.19394545 2.45740180 y 222945.94586864
x 6.09753238 5.05700513 5.69417565 6.07272828 5.98909388 y 307645.88421358
x 9.91705594 1.34367365 5.37245315 0.25307793 4.16338494 y 1025890.22455485
x 2.47349151 1.82287078 0.81920229 9.58785661 5.11244011 y 764175.96412419
x 9.20638643 6.35568741 5.05100493 8.73043444 6.70985880 y 1251112.54196176
x 9.82770424 0.78967218 2.85373870 2.82632152 4.98377857 y 921963.20799063
x 0.30422644 7.35284622 6.40157009 3.35337013 1.87803536 y 382872.02874075
x 7.06646972 8.74301723 2.74495186 8.59114665 2.37422283 y 1223323.70036098
x 3.32091541 4.31670167 7.66586037 5.56630835 1.15717362 y 388593.47953286
x 5.41259813 6.73046843 5.93411612 6.87237791 9.46989472 y 428896.08718845
x 8.66452578 6.71334749 5.37160202 6.21031228 1.78607151 y 811609.25670055
x 6.51634439 0.83299245 3.85179206 6.98376244 8.70241942 y 341106.14456629
x 0.77780987 2.10686073 8.36613147 1.44489020 2.01515745 y 471696.92591646
x 7.98332038 9.67727499 1.09933619 9.24490304 0.72439355 y 1873564.77332143
x 2.74783168 5.14337195 4.15865873 4.19678303 5.03735249 y 83298.86276507
x 6.94451739 6.81656459 1.52115305 6.47725367 2.45652415 y 531320.99232704
x 0.93212300 9.04115890 1.09048109 9.60333595 6.16964140 y 1404909.21334997
x 7.87884311 2.85064939 8.06253261 6.27008810 5.03599620 y 813365.51966071
x 7.17695228 2.81379436 1.91658017 1.67824720 4.52071917 y 241451.06009910
x 0.24897020 6.58461931 5.45051981 9.41319107 0.13367836 y 972030.64243392
x 1.44173572 9.37869658 5.13894597 6.99988334 8.09441447 y 896368.33233467
x 0.69279464 8.17877038 2.09850388 5.42116776 0.37909488 y 510084.27723413
x 1.77566247 5.14400756 6.60248465 2.81298110 5.61132619 y 206713.29219165
x 5.99380211 8.02179950 8.67682511 2.95802689 2.15765369 y 915439.74601632
x 1.77448990 8.07532744 1.61757409 7.03155191 3.89319181 y 616350.95330559
x 4.93484506 2.59611644 8.66831572 0.51572870 9.00718784 y 612298.40131534
x 6.60581404 9.83488913 2.37526175 9.56538359 6.03905761 y 1736467.58396654
x 0.42611340 3.23856225 5.15032376 3.99339690 3.97216619 y 68926.69259796
x 6.49422109 4.99707381 6.56062888 1.68870149 2.79499695 y 343198.55545363
x 6.10650260 6.19804581 8.33361804 0.36511978 9.61220846 y 673513.76632188
x 8.78270619 3.75695335 9.76840642 9.33608568 6.80634546 y 1927336.45552626
x 4.33947352 0.72054758 6.60561289 6.67987265 3.36355766 y 343355.14921260
x 1.51446271 0.18620398 0.50053462 5.10854236 0.38628186 y 68949.05076879
x 5.82985449 3.54056185 9.15644679 8.03564014 4.08423189 y 1034496.51992804
x 8.93059822 7.91286396 9.04558869 2.01402193 6.34431591 y 1440730.92016448
x 5.31479642 7.75588785 7.59873740 6.28492522 8.35672559 y 680090.91047829
x 1.15621170 4.83091134 7.47766429 3.78508492 2.57783244 y 312000.98624881
x 4.52373278 4.69708305 4.79259525 4.83915701 2.12836884 y 132932.00967716
x 8.03830326 3.28056470 5.74312187 1.11386663 6.48889643 y 483100.59831252
x 2.19066295 6.91464477 5.89290344 2.30069590 3.19345647 y 281816.25461041
x 8.59706899 0.30785220 2.24158414 4.74168724 6.21110500 y 568743.68460546
x 2.44306338 5.20192484 8.09851072 2.81976843 6.77075466 y 430183.84673331
x 7.63550688 5.12169084 2.92300995 8.76694971 8.94209922 y 798539.19186243
x 1.21936503 0.97137516 6.67227169 4.09865779 8.74427698 y 173220.14927717
x 8.84742993 5.11553019 0.17531856 2.62973180 6.44663662 y 603604.94583318
x 3.30851820 1.30065999 4.00752984 8.77935752 4.65394454 y 539727.92380864
x 1.38808376 9.95605011 8.16131328 4.11841921 9.90923390 y 1229445.91102435
x 5.85374888 3.15855744 5.22700992 3.09906187 4.60229282 y 160251.06648519
x 7.08741241 1.56815247 8.20410748 5.49582517 5.86456738 y 681529.39236068
x 4.47781618 2.41568062 0.91339891 9.95766610 4.01735722 y 947059.80857377
x 1.64864421 7.20362159 6.82970896 4.26724050 6.15656149 y 399271.86788890
x 0.76786192 5.85823428 2.22941032 1.18427082 7.99004007 y 111547.58290062
x 7.89788836 9.34492542 6.24818971 7.47070521 6.43889409 y 1282236.53304552
x 2.72400282 7.15954936 6.85286440 0.83950070 4.39369448 y 411360.79621474
x 1.81734532 8.66306643 8.82703362 7.59874389 4.43463739 y 1220183.53333364
x 3.87632271 9.79194151 9.82938412 6.23704295 7.39834926 y 1659527.42057455
x 6.77650871 1.43645738 0.17833550 4.37252980 4.88271854 y 220440.44627128
x 8.98893378 9.96139728 2.08612636 0.54910884 7.83627669 y 1452775.11141426
x 3.11708288 2.61750555 9.44670680 9.40350176 6.81877779 y 1309224.10822034
x 6.04423890 5.33013873 3.96831282 6.66151707 5.18982681 y 318996.91891675
x 6.58406447 4.40998919 4.12165559 8.57667558 2.50393839 y 687193.82566207
x 4.93846940 2.01268309 8.78070796 9.49620400 8.87820675 y 1170456.43786282
x 5.36597789 9.17646690 3.49938091 0.76047839 0.23801477 y 703159.18578939
x 0.12652052 7.60907662 0.52897885 8.76201642 5.15993234 y 855028.31722094
x 2.24220476 9.91617478 6.41090737 3.55559838 1.00807436 y 1001920.02278662
x 9.06763951 8.33819359 2.88390223 3.73402038 5.78083344 y 998885.02592800
x 6.22137849 3.73832820 8.45388540 9.64194802 4.69914861 y 1286856.53253155
x 5.82303045 0.94889821 0.86264411 5.16103211 2.27873095 y 169948.65941729
x 8.42257067 3.98267512 4.53050160 9.79884474 1.63537982 y 1363619.53712678
x 4.38235978 6.00059148 0.41828990 2.01448411 0.51064126 y 145726.84708189
x 5.66563107 4.06887062 5.46569446 2.93025150 6.90267588 y 163803.66507279
x 2.34300372 4.29106808 2.62740529 3.40100310 9.65793263 y 26675.01472001
x 7.89690972 5.65084156 3.97652719 6.20742317 3.68626239 y 530511.88505176
x 2.63710803 2.78687257 9.87879832 0.28105682 6.56574158 y 953391.71960809
x 8.14303869 4.07769127 3.32261880 9.85809201 5.62169116 y 1243589.33931988
x 1.29670037 8.61916544 3.20923987 9.71093121 1.29782636 y 1375215.42409821
x 2.41317569 1.29119331 2.59246408 5.94725932 0.27719833 y 125378.38532907
x 8.62918154 8.24422522 0.17118359 7.55778782 1.70329919 y 1211045.26982815
x 3.32724233 6.01704158 4.98052926 4.79495567 0.79347017 y 189428.63288928
x 1.75427310 2.48060367 2.25357683 5.29154607 6.56682787 y 47523.82542942
x 0.80665480 3.17900983 3.71244700 5.41301574 7.84952680 y 57778.62266255
x 3.97431309 6.22090305 2.31283670 6.03792810 4.12588600 y 246204.54663625
x 9.29742501 7.45774243 9.61418465 2.63959681 0.59894813 y 1646008.08068542
x 7.47814423 2.64526431 5.68212097 4.62943053 6.39149827 y 383212.54800309
x 0.92866693 0.85407798 3.92325026 2.62465881 6.25886999 y 17371.16603547
x 9.55895657 8.77350931 5.12575422 6.79620210 6.46912781 y 1394384.08926362
x 5.59177490 9.79383890 0.22032325 7.14130911 1.82250772 y 1208936.05502253
x 8.73575867 5.85424054 8.37820017 1.90570566 7.55727333 y 1031512.03805889
x 6.93487380 3.75817694 1.71156412 8.92732804 4.82894280 y 776188.60210185
x 6.78277701 0.09227157 9.19595938 6.93009327 4.06011233 y 1015415.03489691
x 6.62113142 5.97377583 8.28377484 2.25061058 5.22377600 y 659083.92610052
x 5.27109758 2.58429862 7.96571462 1.46901768 5.12235574 y 448815.31990151
x 9.74834473 6.01211816 7.09970328 6.43025312 6.04116712 y 1194999.98677299
x 7.22465430 7.98144238 7.52853685 5.43343893 6.20672518 y 828171.77969238
x 8.24257628 6.98838546 4.50719010 4.44651951 0.01050383 y 632371.07177678
x 9.75367362 3.40870561 8.92909955 6.01912625 0.11539541 y 1515987.37395891
x 4.26096514 7.91097129 6.56451526 2.23026428 8.51996861 y 492631.37736886
x 2.08590108 6.81677034 7.17414978 8.49355230 2.19215190 y 829100.91501789
x 5.61240430 8.14263851 4.60773075 3.76463880 2.04581420 y 480484.19357101
x 1.48838558 2.32132738 5.26203925 4.21552863 6.42125580 y 68014.81430965
x 2.57314046 1.84015715 9.13613176 2.39823071 6.99692368 y 663063.73000507
x 4.96017437 5.14681962 0.22305526 5.68826128 2.93625644 y 196638.24782757
x 3.24823118 6.35636731 7.46328906 4.15877861 2.39783998 y 398200.76617806
x 0.70874430 5.46671949 0.82500875 9.86399019 9.59596306 y 864615.02750595
x 2.55478672 8.12926150 5.85907951 5.03136806 3.32614093 y 497248.25084412
x 1.19689872 4.83731216 5.65755984 1.27017990 9.87121329 y 133974.19319815
x 6.67529841 5.11782692 8.52476094 6.82835845 6.46638110 y 781734.76923089
x 5.85808802 3.55367008 2.60456034 3.87887708 9.39061773 y 108770.31310642
x 1.88035109 1.84936051 5.00292481 6.08731637 7.54367017 y 123552.35566638
x 5.05719496 8.49559780 7.24842436 9.80640907 6.33218796 y 1440527.26298306
x 3.94226338 1.43339595 0.28731216 1.05030003 3.24495207 y 20777.78090126
x 8.41927996 2.92927059 6.90044038 5.72724031 9.65705398 y 691219.48944314
x 3.54279790 7.21417463 2.49455976 0.48491949 7.84340142 y 257494.94054663
x 4.40681005 1.70720653 8.75757658 3.32844430 4.99469994 y 576834.64359287
x 2.16445602 7.40123489 5.13319752 0.59364161 2.33683743 y 313992.18118980
x 9.26142539 8.59685407 1.42190985 9.50343988 7.78208386 y 1807994.29928731
x 7.88785851 3.34616474 1.34197999 6.46639101 2.21612051 y 515365.26146614
x 1.78336288 4.75820755 4.20727883 4.03560649 3.59637608 y 69039.49150323
x 4.41820317 9.77012818 1.54677324 5.07823867 4.58617161 y 937170.86923270
x 9.49363487 4.31111427 3.60257954 3.48099881 1.94806640 y 778380.00529868
x 5.03856988 8.88906285 8.84948792 7.29927117 1.53150488 y 1291809.92469650
x 3.16473179 5.28237388 4.27266971 7.35387860 9.26362979 y 270887.35182503
x 7.94840087 9.55777367 1.36482301 4.70806054 3.47109510 y 1133149.15044797
x 2.47624920 3.35377558 0.65564589 5.62433679 4.81271642 y 86652.25516345
x 9.17819723 8.80342953 4.61128409 6.32472825 8.22696099 y 1223792.70588673
x 6.31063304 6.63271979 1.54483401 9.76086379 9.61403914 y 1029697.03007139
x 5.76609082 6.77843601 6.72389306 0.09915748 7.41298457 y 432985.29494012
x 3.73981098 7.98926638 9.21812011 6.43845550 4.81097035 y 1053025.89131912
x 0.44623179 6.03910425 8.73218066 3.04322698 8.13415247 y 616507.71664099
x 9.18006733 3.52464662 9.47303319 1.63270730 6.84779048 y 1431065.24759675
x 7.60260143 3.26023760 9.52413504 0.65916007 9.39746613 y 1116630.75559251
x 1.78880346 9.39318001 4.88466532 1.60446129 2.04869343 y 748155.62283102
x 6.10986676 0.33173496 9.73535272 3.58857642 5.39509688 y 983398.62062158
x 2.61131495 3.97845456 1.22876710 8.65068001 5.01795166 y 514721.83088627
x 5.40068919 8.84805949 6.81628312 3.73378229 3.43945994 y 745829.00565508
x 0.86597746 9.09128790 7.62657219 6.59151060 4.79867019 y 985328.27565391
x 1.54141933 8.66780328 5.79134267 6.16452731 7.00453609 y 655883.92606257
x 4.19634113 3.77558335 7.55052056 0.76137141 2.62160245 y 340504.86626924
x 5.71112229 9.96890819 3.70396698 9.55140234 7.96603030 y 1661864.18218694
x 8.50338425 3.75535944 6.67820313 7.75132300 7.23412260 y 890665.42180496
x 7.58344453 1.26393924 7.57384987 7.83801199 4.55972420 y 888799.22547494
x 4.48578570 4.71744444 4.73202520 6.76373224 3.76302297 y 255205.86211644
x 2.88183529 0.89966958 5.44858848 5.62513507 3.13875794 y 146822.98909180
x 0.11713456 4.78577471 4.68505802 4.46754836 8.35599979 y 79535.37336032
x 1.48418529 6.83849528 5.76835456 0.38180433 9.36766652 y 286972.46094273
x 5.61371573 3.02262709 1.14733074 6.15706866 4.75870243 y 199849.77442434
x 5.49108855 5.72540471 0.21667557 5.37374949 3.54328169 y 232785.19671677
