4 200
x 6.90001032 5.05418397 5.91490540 5.54784913 y 306370.63953954
x 3.78428819 2.57732118 2.07382139 6.26261931 y 16274.66843503
x 3.40127040 8.43851883 0.68778038 4.09906894 y 499674.36885912
x 8.79994055 3.19480293 9.80568169 0.85004788 y 1459613.32207643
x 9.07628951 1.02509449 9.21977763 5.07551214 y 1307513.38966928
x 8.72289258 3.33259742 6.92409451 5.56946205 y 710748.87513722
x 3.61915203 0.31993828 8.58511100 0.98984499 y 552325.85464802
x 8.77067523 4.49258913 4.32192605 6.06267912 y 565801.09143441
x 9.27837654 6.64285675 3.95365355 4.38468959 y 805309.44502493
x 6.52125079 9.28863562 9.49143368 3.07335744 y 1457420.33512519
x 5.96482942 7.83076185 3.38030378 8.05252808 y 413923.30903611
x 9.42196640 0.66473349 8.57086820 9.77218336 y 1188662.04355043
x 8.89646204 5.45275626 8.64371746 4.57772680 y 1079606.79604445
x 8.00219427 8.73705571 8.21818425 1.85726225 y 1201357.32080051
x 0.86265023 6.38155791 2.33827971 4.62721723 y 150627.91923675
x 0.07419895 6.35010545 4.21251054 9.53658307 y 141206.21444012
x 2.10120462 9.70750550 2.61252547 8.57064321 y 842665.19123786
x 5.81332711 7.07318312 2.85975225 3.18203776 y 296466.45641957
x 6.43951677 8.58518318 6.68889996 4.43149693 y 719852.76626642
x 0.55894953 7.77452637 5.94692583 1.02081638 y 420582.56455239
x 2.99554018 9.50719316 6.65720130 9.47724211 y 822590.26153584
x 8.79439063 7.00866481 3.75987268 6.13482089 y 706942.09494166
x 8.63140613 1.36171312 4.39685203 2.74571934 y 563165.91743033
x 1.86809712 5.06164362 5.70510202 6.72828098 y 106614.48409861
x 6.23626726 0.61298095 5.50456328 5.63954009 y 210014.13303261
x 5.36581235 1.04233642 5.99532903 2.76323859 y 189553.86689088
x 3.42357071 7.40289223 9.63841803 3.11472677 y 1012091.62354922
x 3.76386875 5.59672048 4.72638445 9.71369825 y 94065.70134024
x 6.34130485 3.54447665 3.73000837 3.39980994 y 153349.63098052
x 0.02676825 7.34096827 5.90457590 5.99771034 y 319037.82105036
x 8.77105702 3.06949572 0.13229397 9.98994419 y 564198.58443590
x 5.34591729 8.30586884 9.28720343 0.02963894 y 1141084.37190803
x 4.50897758 7.26399540 3.04524914 9.36558260 y 264342.54447348
x 1.12419259 3.25639188 1.21611701 9.16852410 y 15128.56155058
x 8.80927629 8.98192975 2.52825442 5.28781953 y 1081831.23815949
x 9.58945793 2.43021591 4.06621950 9.64542496 y 806686.22760491
x 9.15078952 7.10338398 0.99035533 6.91387207 y 835599.56238083
x 8.62629717 2.48643917 2.71635310 9.68955323 y 519141.76911958
x 1.01085384 4.25426237 8.99591795 9.32525426 y 522079.94960516
x 1.10419222 9.14126588 3.84267268 7.91798861 y 646568.87395945
x 0.91640364 3.28822505 0.04649335 9.20217385 y 20660.18151412
x 6.14281419 2.06161016 1.08043619 2.69390694 y 128518.51061191
x 1.41237583 5.20217231 5.91366618 2.19744903 y 153211.91790088
x 6.25472451 9.84779116 5.36508823 1.57712834 y 999153.44640977
x 8.20644739 8.14756093 2.95478487 5.18894010 y 754114.85111637
x 0.31685184 3.59492402 3.07095089 0.25597342 y 19357.52590990
x 7.36044283 9.11352694 9.07240251 2.57598827 y 1386325.09631587
x 4.76692508 0.97346711 2.73406747 7.79995100 y 47653.59954994
x 8.46281690 1.55227774 5.52131943 8.30275533 y 541188.13656177
x 1.40745032 9.25650230 2.72548754 5.50672400 y 693926.11402224
x 4.84812816 7.99395522 0.01780536 9.31250423 y 440929.49347033
x 0.45871702 1.02564737 7.45318013 3.47863280 y 275347.59304327
x 7.33485303 9.98947280 3.34605516 1.62482426 y 1131359.27658149
x 9.82514804 6.41458091 1.34287747 5.63229786 y 972151.60431515
x 1.86802654 0.77636513 5.99553641 9.32339457 y 74548.84840139
x 4.21556029 1.61666486 4.35347273 5.41946632 y 44735.67648407
x 5.58061158 9.64098893 4.67162774 0.95113765 y 869195.40322782
x 3.01261333 5.50835102 0.97652723 0.62728042 y 87540.41570712
x 3.73406388 0.00036867 2.37400455 5.19131847 y 20034.06375144
x 3.21797586 9.42733690 2.82731707 2.13698789 y 744010.42079233
x 5.71294696 2.57934060 8.84445886 0.06630447 y 701786.97824971
x 3.81616596 3.17278623 5.68941575 2.94122380 y 101526.62766391
x 4.45862376 5.11252068 2.33626398 9.93706434 y 80494.23358204
x 5.15829630 0.60544992 5.15374323 5.31229880 y 115090.79688176
x 0.37777519 2.41097708 9.65251289 3.17802749 y 811939.67987622
x 3.80930470 6.60892613 8.95640674 3.99733598 y 707851.96169538
x 3.45182816 3.99865085 4.99393715 6.67836719 y 51734.16116312
x 3.19394545 2.45740180 6.09753238 5.05700513 y 109218.08816157
x 5.69417565 6.07272828 5.98909388 9.91705594 y 232273.93847209
x 1.34367365 5.37245315 0.25307793 4.16338494 y 84826.80593185
x 2.47349151 1.82287078 0.81920229 9.58785661 y 10425.52966156
x 5.11244011 9.20638643 6.35568741 5.05100493 y 768380.99807270
x 8.73043444 6.70985880 9.82770424 0.78967218 y 1524859.23218316
x 2.85373870 2.82632152 4.98377857 0.30422644 y 63943.66101097
x 7.35284622 6.40157009 3.35337013 1.87803536 y 377600.35993762
x 7.06646972 8.74301723 2.74495186 8.59114665 y 712990.46813452
x 2.37422283 3.32091541 4.31670167 7.66586037 y 17089.28413979
x 5.56630835 1.15717362 5.41259813 6.73046843 y 141583.72991743
x 5.93411612 6.87237791 9.46989472 8.66452578 y 879366.16417258
x 6.71334749 5.37160202 6.21031228 1.78607151 y 344232.53404622
x 6.51634439 0.83299245 3.85179206 6.98376244 y 180505.69493634
x 8.70241942 0.77780987 2.10686073 8.36613147 y 563643.12633725
x 1.44489020 2.01515745 7.98332038 9.67727499 y 293795.60343555
x 1.09933619 9.24490304 0.72439355 2.74783168 y 725172.40652550
x 5.14337195 4.15865873 4.19678303 5.03735249 y 82716.34329792
x 6.94451739 6.81656459 1.52115305 6.47725367 y 375279.49284389
x 2.45652415 0.93212300 9.04115890 1.09048109 y 659824.56994959
x 9.60333595 6.16964140 7.87884311 2.85064939 y 1182567.83425165
x 8.06253261 6.27008810 5.03599620 7.17695228 y 495631.34193769
x 2.81379436 1.91658017 1.67824720 4.52071917 y 4294.06733806
x 0.24897020 6.58461931 5.45051981 9.41319107 y 189186.36201888
x 0.13367836 1.44173572 9.37869658 5.13894597 y 691534.88972054
x 6.99988334 8.09441447 0.69279464 8.17877038 y 593577.68127275
x 2.09850388 5.42116776 0.37909488 1.77566247 y 84548.79236434
x 5.14400756 6.60248465 2.81298110 5.61132619 y 206316.27034742
x 5.99380211 8.02179950 8.67682511 2.95802689 y 911090.11058967
x 2.15765369 1.77448990 8.07532744 1.61757409 y 407720.33715416
x 7.03155191 3.89319181 4.93484506 2.59611644 y 265320.20689468
x 8.66831572 0.51572870 9.00718784 6.60581404 y 1120014.67695731
x 9.83488913 2.37526175 9.56538359 6.03905761 y 1622179.38189597
x 0.42611340 3.23856225 5.15032376 3.99339690 y 54577.54366244
x 3.97216619 6.49422109 4.99707381 6.56062888 y 180786.42156425
x 1.68870149 2.79499695 6.10650260 6.19804581 y 96988.03795777
x 8.33361804 0.36511978 9.61220846 8.78270619 y 1185468.24266785
x 3.75695335 9.76840642 9.33608568 6.80634546 y 1388828.49257083
x 4.33947352 0.72054758 6.60561289 6.67987265 y 173107.72019322
x 3.36355766 1.51446271 0.18620398 0.50053462 y 10074.47937651
x 5.10854236 0.38628186 5.82985449 3.54056185 y 162072.50734719
x 9.15644679 8.03564014 4.08423189 8.93059822 y 946641.39504811
x 7.91286396 9.04558869 2.01402193 6.34431591 y 924530.37602973
x 5.31479642 7.75588785 7.59873740 6.28492522 y 583070.85037826
x 8.35672559 1.15621170 4.83091134 7.47766429 y 498119.48166584
x 3.78508492 2.57783244 4.52373278 4.69708305 y 39136.78301399
x 4.79259525 4.83915701 2.12836884 8.03830326 y 79452.71441049
x 3.28056470 5.74312187 1.11386663 6.48889643 y 106868.11441704
x 2.19066295 6.91464477 5.89290344 2.30069590 y 281373.66982975
x 3.19345647 8.59706899 0.30785220 2.24158414 y 542501.89273142
x 4.74168724 6.21110500 2.44306338 5.20192484 y 157153.51512357
x 8.09851072 2.81976843 6.77075466 7.63550688 y 540166.90530090
x 5.12169084 2.92300995 8.76694971 8.94209922 y 515691.63863046
x 1.21936503 0.97137516 6.67227169 4.09865779 y 166722.69826403
x 8.74427698 8.84742993 5.11553019 0.17531856 y 1060142.27074520
x 2.62973180 6.44663662 3.30851820 1.30065999 y 155674.33815252
x 4.00752984 8.77935752 4.65394454 1.38808376 y 570987.54775152
x 9.95605011 8.16131328 4.11841921 9.90923390 y 1222998.83696625
x 5.85374888 3.15855744 5.22700992 3.09906187 y 157744.76843719
x 4.60229282 7.08741241 1.56815247 8.20410748 y 260025.37481884
x 5.49582517 5.86456738 4.47781618 2.41568062 y 179889.82843728
x 0.91339891 9.95766610 4.01735722 1.64864421 y 934529.71822133
x 7.20362159 6.82970896 4.26724050 6.15656149 y 397259.39191936
x 0.76786192 5.85823428 2.22941032 1.18427082 y 107207.97708997
x 7.99004007 7.89788836 9.34492542 6.24818971 y 1251750.20884731
x 7.47070521 6.43889409 2.72400282 7.15954936 y 393888.77763768
x 6.85286440 0.83950070 4.39369448 1.81734532 y 244713.05075581
x 8.66306643 8.82703362 7.59874389 4.43463739 y 1217309.55964146
x 3.87632271 9.79194151 9.82938412 6.23704295 y 1560260.15338056
x 7.39834926 6.77650871 1.43645738 0.17833550 y 428325.09894183
x 4.37252980 4.88271854 8.98893378 9.96139728 y 544239.64713539
x 2.08612636 0.54910884 7.83627669 3.11708288 y 346945.66462655
x 2.61750555 9.44670680 9.40350176 6.81877779 y 1304180.47183405
x 6.04423890 5.33013873 3.96831282 6.66151707 y 165410.74092012
x 5.18982681 6.58406447 4.40998919 4.12165559 y 216594.98379037
x 8.57667558 2.50393839 4.93846940 2.01268309 y 555207.37825906
x 8.78070796 9.49620400 8.87820675 5.36597789 y 1657784.09804511
x 9.17646690 3.49938091 0.76047839 0.23801477 y 664656.46732980
x 0.12652052 7.60907662 0.52897885 8.76201642 y 342125.90080408
x 5.15993234 2.24220476 9.91617478 6.41090737 y 906861.42939735
x 3.55559838 1.00807436 9.06763951 8.33819359 y 565972.59767622
x 2.88390223 3.73402038 5.78083344 6.22137849 y 82761.91182593
x 3.73832820 8.45388540 9.64194802 4.69914861 y 1164558.60786708
x 5.82303045 0.94889821 0.86264411 5.16103211 y 110602.45988366
x 2.27873095 8.42257067 3.98267512 4.53050160 y 462272.76964781
x 9.79884474 1.63537982 4.38235978 6.00059148 y 908612.58309767
x 0.41828990 2.01448411 0.51064126 5.66563107 y 4519.73778172
x 4.06887062 5.46569446 2.93025150 6.90267588 y 85210.97710400
x 2.34300372 4.29106808 2.62740529 3.40100310 y 26304.86402200
x 9.65793263 7.89690972 5.65084156 3.97652719 y 1128854.49192626
x 6.20742317 3.68626239 2.63710803 2.78687257 y 135190.41243926
x 9.87879832 0.28105682 6.56574158 8.14303869 y 1073495.51585665
x 4.07769127 3.32261880 9.85809201 5.62169116 y 856263.75245308
x 1.29670037 8.61916544 3.20923987 9.71093121 y 510158.47356140
x 1.29782636 2.41317569 1.29119331 2.59246408 y 2195.00890640
x 5.94725932 0.27719833 8.62918154 8.24422522 y 569036.80483171
x 0.17118359 7.55778782 1.70329919 3.32724233 y 312832.95281800
x 6.01704158 4.98052926 4.79495567 0.79347017 y 186869.43067748
x 1.75427310 2.48060367 2.25357683 5.29154607 y 1565.35008201
x 6.56682787 0.80665480 3.17900983 3.71244700 y 183832.13737493
x 5.41301574 7.84952680 3.97431309 6.22090305 y 387503.03560889
x 2.31283670 6.03792810 4.12588600 9.29742501 y 110580.00875050
x 7.45774243 9.61418465 2.63959681 0.59894813 y 1022086.17249483
x 7.47814423 2.64526431 5.68212097 4.62943053 y 360578.82803161
x 6.39149827 0.92866693 0.85407798 3.92325026 y 160430.40337190
x 2.62465881 6.25886999 9.55895657 8.77350931 y 770123.41580386
x 5.12575422 6.79620210 6.46912781 5.59177490 y 327241.34157340
x 9.79383890 0.22032325 7.14130911 1.82250772 y 1162801.24086939
x 8.73575867 5.85424054 8.37820017 1.90570566 y 1029970.21621343
x 7.55727333 6.93487380 3.75817694 1.71156412 y 463823.63143254
x 8.92732804 4.82894280 6.78277701 0.09227157 y 798787.59566936
x 9.19595938 6.93009327 4.06011233 6.62113142 y 805870.21474336
x 5.97377583 8.28377484 2.25061058 5.22377600 y 515671.92180503
x 5.27109758 2.58429862 7.96571462 1.46901768 y 447936.36710572
x 5.12235574 9.74834473 6.01211816 7.09970328 y 904099.80662539
x 6.43025312 6.04116712 7.22465430 7.98144238 y 405920.83738638
x 7.52853685 5.43343893 6.20672518 8.24257628 y 408753.24333772
x 6.98838546 4.50719010 4.44651951 0.01050383 y 260807.90759163
x 9.75367362 3.40870561 8.92909955 6.01912625 y 1385536.57635492
x 0.11539541 4.26096514 7.91097129 6.56451526 y 326171.42359764
x 2.23026428 8.51996861 2.08590108 6.81677034 y 499005.48089666
x 7.17414978 8.49355230 2.19215190 5.61240430 y 674120.93791343
x 8.14263851 4.60773075 3.76463880 2.04581420 y 425910.57402733
x 1.48838558 2.32132738 5.26203925 4.21552863 y 55123.52807043
x 6.42125580 2.57314046 1.84015715 9.13613176 y 155079.27170306
x 2.39823071 6.99692368 4.96017437 5.14681962 y 231635.83245712
x 0.22305526 5.68826128 2.93625644 3.24823118 y 92646.91341092
x 6.35636731 7.46328906 4.15877861 2.39783998 y 396436.21243036
x 0.70874430 5.46671949 0.82500875 9.86399019 y 95366.42458385
x 9.59596306 2.55478672 8.12926150 5.85907951 y 1164620.00619053
x 5.03136806 3.32614093 1.19689872 4.83731216 y 59264.86472416
x 5.65755984 1.27017990 9.87121329 6.67529841 y 925239.50653866
x 5.11782692 8.52476094 6.82835845 6.46638110 y 626137.14362731
